n,y,x,scan
12,10.7132,3.1e-05,3.1e-05
6,11.273,0.013956,0.013987
5,11.3458,0.025529,0.039516
8,11.5848,0.135648,0.175164
13,11.6153,0.162208,0.337372
7,11.8022,0.409162,0.746534
16,11.871,0.534168,1.2807
10,11.978,0.747862,2.02856
4,12.1166,1.0027,3.03126
11,12.2358,1.1346,4.16586
1,12.2782,1.15206,5.31792
3,12.2972,1.15431,6.47223
14,12.378,1.12534,7.59758
9,12.7121,0.566911,8.16449
2,13.0435,0.11411,8.2786
15,13.0845,0.087777,8.36637
